vrad(km/s)  CCF         CCF_spot
----------  --------    --------
-20.000000	1.000000	1.000000
-19.900000	1.000000	1.000000
-19.800000	1.000000	1.000000
-19.700000	1.000000	1.000000
-19.600000	1.000000	1.000000
-19.500000	1.000000	1.000000
-19.400000	0.999997	0.999999
-19.300000	0.999987	0.999996
-19.200000	0.999969	0.999990
-19.100000	0.999946	0.999982
-19.000000	0.999914	0.999971
-18.900000	0.999873	0.999954
-18.800000	0.999824	0.999934
-18.700000	0.999770	0.999913
-18.600000	0.999712	0.999894
-18.500000	0.999646	0.999874
-18.400000	0.999565	0.999844
-18.300000	0.999467	0.999801
-18.200000	0.999363	0.999759
-18.100000	0.999256	0.999721
-18.000000	0.999144	0.999684
-17.900000	0.999007	0.999624
-17.800000	0.998853	0.999550
-17.700000	0.998707	0.999488
-17.600000	0.998587	0.999455
-17.500000	0.998473	0.999437
-17.400000	0.998363	0.999425
-17.300000	0.998212	0.999373
-17.200000	0.998016	0.999278
-17.100000	0.997813	0.999178
-17.000000	0.997606	0.999079
-16.900000	0.997400	0.998984
-16.800000	0.997183	0.998877
-16.700000	0.996980	0.998777
-16.600000	0.996792	0.998691
-16.500000	0.996615	0.998619
-16.400000	0.996475	0.998591
-16.300000	0.996329	0.998550
-16.200000	0.996146	0.998477
-16.100000	0.995939	0.998377
-16.000000	0.995630	0.998174
-15.900000	0.995291	0.997945
-15.800000	0.994955	0.997706
-15.700000	0.994696	0.997545
-15.600000	0.994499	0.997446
-15.500000	0.994347	0.997400
-15.400000	0.994125	0.997263
-15.300000	0.993960	0.997172
-15.200000	0.993763	0.997052
-15.100000	0.993576	0.996935
-15.000000	0.993308	0.996744
-14.900000	0.992977	0.996474
-14.800000	0.992587	0.996138
-14.700000	0.992159	0.995757
-14.600000	0.991826	0.995473
-14.500000	0.991566	0.995287
-14.400000	0.991394	0.995149
-14.300000	0.991203	0.995010
-14.200000	0.991100	0.994956
-14.100000	0.990897	0.994792
-14.000000	0.990719	0.994642
-13.900000	0.990564	0.994498
-13.800000	0.990412	0.994368
-13.700000	0.990156	0.994110
-13.600000	0.989887	0.993862
-13.500000	0.989589	0.993560
-13.400000	0.989304	0.993252
-13.300000	0.989158	0.993087
-13.200000	0.989121	0.993002
-13.100000	0.989000	0.992821
-13.000000	0.988843	0.992596
-12.900000	0.988623	0.992283
-12.800000	0.988432	0.991956
-12.700000	0.988528	0.991898
-12.600000	0.988838	0.992039
-12.500000	0.988901	0.991955
-12.400000	0.988589	0.991492
-12.300000	0.988242	0.990974
-12.200000	0.988125	0.990662
-12.100000	0.988319	0.990636
-12.000000	0.988456	0.990575
-11.900000	0.988268	0.990188
-11.800000	0.987867	0.989540
-11.700000	0.987870	0.989252
-11.600000	0.988523	0.989614
-11.500000	0.989242	0.990037
-11.400000	0.989498	0.989985
-11.300000	0.989436	0.989584
-11.200000	0.989436	0.989206
-11.100000	0.989718	0.989124
-11.000000	0.990232	0.989301
-10.900000	0.990369	0.989075
-10.800000	0.990243	0.988546
-10.700000	0.990289	0.988136
-10.600000	0.990740	0.988155
-10.500000	0.991413	0.988406
-10.400000	0.992010	0.988595
-10.300000	0.992503	0.988628
-10.200000	0.992836	0.988478
-10.100000	0.993384	0.988576
-10.000000	0.993906	0.988669
-9.900000	0.994086	0.988459
-9.800000	0.993972	0.987947
-9.700000	0.994138	0.987730
-9.600000	0.994707	0.987950
-9.500000	0.995474	0.988384
-9.400000	0.996239	0.988813
-9.300000	0.996464	0.988703
-9.200000	0.996451	0.988388
-9.100000	0.996664	0.988325
-9.000000	0.997101	0.988521
-8.900000	0.997342	0.988479
-8.800000	0.997075	0.987910
-8.700000	0.996495	0.987071
-8.600000	0.995906	0.986290
-8.500000	0.995707	0.985938
-8.400000	0.995824	0.985856
-8.300000	0.995999	0.985801
-8.200000	0.995926	0.985465
-8.100000	0.995851	0.985129
-8.000000	0.995530	0.984602
-7.900000	0.994877	0.983697
-7.800000	0.994075	0.982585
-7.700000	0.993292	0.981428
-7.600000	0.992458	0.980206
-7.500000	0.991459	0.978852
-7.400000	0.990311	0.977351
-7.300000	0.988827	0.975515
-7.200000	0.987561	0.973806
-7.100000	0.986408	0.972136
-7.000000	0.985270	0.970473
-6.900000	0.983787	0.968479
-6.800000	0.982087	0.966286
-6.700000	0.980110	0.963787
-6.600000	0.977944	0.961060
-6.500000	0.975737	0.958353
-6.400000	0.973192	0.955347
-6.300000	0.970506	0.952252
-6.200000	0.967436	0.948777
-6.100000	0.964180	0.945100
-6.000000	0.960548	0.941043
-5.900000	0.956900	0.936948
-5.800000	0.953096	0.932717
-5.700000	0.949075	0.928239
-5.600000	0.944613	0.923383
-5.500000	0.939960	0.918382
-5.400000	0.935270	0.913403
-5.300000	0.930378	0.908314
-5.200000	0.925143	0.902904
-5.100000	0.918987	0.896730
-5.000000	0.912432	0.890229
-4.900000	0.905501	0.883414
-4.800000	0.898532	0.876574
-4.700000	0.890977	0.869226
-4.600000	0.882767	0.861407
-4.500000	0.874185	0.853332
-4.400000	0.865590	0.845380
-4.300000	0.856954	0.837479
-4.200000	0.848009	0.829376
-4.100000	0.838299	0.820685
-4.000000	0.828086	0.811687
-3.900000	0.817697	0.802648
-3.800000	0.807004	0.793368
-3.700000	0.795838	0.783703
-3.600000	0.783927	0.773422
-3.500000	0.771817	0.763068
-3.400000	0.759510	0.752666
-3.300000	0.747148	0.742308
-3.200000	0.734578	0.731849
-3.100000	0.721594	0.721075
-3.000000	0.708664	0.710446
-2.900000	0.695641	0.699846
-2.800000	0.682500	0.689229
-2.700000	0.669051	0.678352
-2.600000	0.655480	0.667407
-2.500000	0.642190	0.656800
-2.400000	0.629008	0.646344
-2.300000	0.616012	0.636120
-2.200000	0.602902	0.625814
-2.100000	0.589843	0.615549
-2.000000	0.577070	0.605572
-1.900000	0.564816	0.596071
-1.800000	0.553061	0.586993
-1.700000	0.541524	0.578077
-1.600000	0.530339	0.569391
-1.500000	0.519612	0.561063
-1.400000	0.509466	0.553288
-1.300000	0.499994	0.546101
-1.200000	0.491271	0.539460
-1.100000	0.482997	0.533114
-1.000000	0.475209	0.527089
-0.900000	0.467924	0.521421
-0.800000	0.461424	0.516448
-0.700000	0.455704	0.512077
-0.600000	0.450760	0.508185
-0.500000	0.446442	0.504585
-0.400000	0.442709	0.501405
-0.300000	0.439744	0.498748
-0.200000	0.437645	0.496753
-0.100000	0.436381	0.495352
0.000000	0.435681	0.494199
0.100000	0.435726	0.493393
0.200000	0.436643	0.493055
0.300000	0.438486	0.493293
0.400000	0.441322	0.494049
0.500000	0.444862	0.495182
0.600000	0.449187	0.496656
0.700000	0.454290	0.498422
0.800000	0.460341	0.500611
0.900000	0.467379	0.503352
1.000000	0.475094	0.506407
1.100000	0.483560	0.509871
1.200000	0.492589	0.513600
1.300000	0.502501	0.517804
1.400000	0.513127	0.522440
1.500000	0.524429	0.527567
1.600000	0.536296	0.533068
1.700000	0.548498	0.538805
1.800000	0.561088	0.544879
1.900000	0.574075	0.551299
2.000000	0.587437	0.558172
2.100000	0.600949	0.565314
2.200000	0.614518	0.572710
2.300000	0.628263	0.580400
2.400000	0.642166	0.588460
2.500000	0.656286	0.597014
2.600000	0.670336	0.605839
2.700000	0.684196	0.614911
2.800000	0.697933	0.624188
2.900000	0.711569	0.633690
3.000000	0.725019	0.643397
3.100000	0.737943	0.653093
3.200000	0.750404	0.662787
3.300000	0.762499	0.672550
3.400000	0.774549	0.682636
3.500000	0.786308	0.692805
3.600000	0.797660	0.703063
3.700000	0.808542	0.713286
3.800000	0.819137	0.723627
3.900000	0.829603	0.734133
4.000000	0.839667	0.744620
4.100000	0.849133	0.754884
4.200000	0.858093	0.764959
4.300000	0.866652	0.774971
4.400000	0.875001	0.784955
4.500000	0.882857	0.794710
4.600000	0.890268	0.804229
4.700000	0.897163	0.813423
4.800000	0.904086	0.822775
4.900000	0.910890	0.832134
5.000000	0.917176	0.841126
5.100000	0.923064	0.849759
5.200000	0.928494	0.857942
5.300000	0.933710	0.865919
5.400000	0.938797	0.873788
5.500000	0.943597	0.881416
5.600000	0.948045	0.888662
5.700000	0.952163	0.895481
5.800000	0.956077	0.902032
5.900000	0.959752	0.908339
6.000000	0.963169	0.914350
6.100000	0.966586	0.920324
6.200000	0.969730	0.925910
6.300000	0.972528	0.931049
6.400000	0.974963	0.935724
6.500000	0.977306	0.940241
6.600000	0.979622	0.944678
6.700000	0.981972	0.949017
6.800000	0.984063	0.953028
6.900000	0.985695	0.956492
7.000000	0.987163	0.959703
7.100000	0.988779	0.962990
7.200000	0.990388	0.966219
7.300000	0.991791	0.969194
7.400000	0.992825	0.971701
7.500000	0.993676	0.973957
7.600000	0.994643	0.976296
7.700000	0.995759	0.978722
7.800000	0.996635	0.980862
7.900000	0.997173	0.982607
8.000000	0.997624	0.984208
8.100000	0.998121	0.985824
8.200000	0.998558	0.987350
8.300000	0.998756	0.988602
8.400000	0.998829	0.989644
8.500000	0.998932	0.990651
8.600000	0.999114	0.991709
8.700000	0.999471	0.992915
8.800000	0.999726	0.993963
8.900000	0.999886	0.994856
9.000000	0.999941	0.995595
9.100000	1.000000	0.996283
9.200000	0.999905	0.996800
9.300000	0.999711	0.997223
9.400000	0.999497	0.997612
9.500000	0.999235	0.997910
9.600000	0.998965	0.998158
9.700000	0.998792	0.998444
9.800000	0.998652	0.998759
9.900000	0.998623	0.999197
10.000000	0.998402	0.999433
10.100000	0.998231	0.999640
10.200000	0.997979	0.999678
10.300000	0.997788	0.999781
10.400000	0.997673	1.000000
10.500000	0.997189	0.999886
10.600000	0.996631	0.999662
10.700000	0.996106	0.999381
10.800000	0.995952	0.999441
10.900000	0.995829	0.999556
11.000000	0.995604	0.999622
11.100000	0.995154	0.999416
11.200000	0.994628	0.999058
11.300000	0.994199	0.998759
11.400000	0.993973	0.998674
11.500000	0.993790	0.998699
11.600000	0.993558	0.998660
11.700000	0.993261	0.998502
11.800000	0.992942	0.998266
11.900000	0.992610	0.998018
12.000000	0.992343	0.997848
12.100000	0.992156	0.997762
12.200000	0.992107	0.997773
12.300000	0.991981	0.997658
12.400000	0.991715	0.997382
12.500000	0.991260	0.996935
12.600000	0.990982	0.996679
12.700000	0.990884	0.996606
12.800000	0.990872	0.996594
12.900000	0.990873	0.996566
13.000000	0.990625	0.996255
13.100000	0.990240	0.995797
13.200000	0.990035	0.995509
13.300000	0.990181	0.995567
13.400000	0.990441	0.995706
13.500000	0.990637	0.995756
13.600000	0.990568	0.995551
13.700000	0.990440	0.995275
13.800000	0.990410	0.995119
13.900000	0.990633	0.995227
14.000000	0.990905	0.995381
14.100000	0.991024	0.995362
14.200000	0.990921	0.995121
14.300000	0.990893	0.994965
14.400000	0.991059	0.995012
14.500000	0.991364	0.995206
14.600000	0.991663	0.995396
14.700000	0.991866	0.995472
14.800000	0.992063	0.995556
14.900000	0.992306	0.995696
15.000000	0.992566	0.995870
15.100000	0.992819	0.996030
15.200000	0.993001	0.996093
15.300000	0.993267	0.996233
15.400000	0.993580	0.996412
15.500000	0.993909	0.996609
15.600000	0.994145	0.996714
15.700000	0.994326	0.996763
15.800000	0.994517	0.996819
15.900000	0.994791	0.996971
16.000000	0.995117	0.997185
16.100000	0.995375	0.997332
16.200000	0.995578	0.997423
16.300000	0.995797	0.997539
16.400000	0.996063	0.997707
16.500000	0.996393	0.997943
16.600000	0.996687	0.998137
16.700000	0.996930	0.998276
16.800000	0.997103	0.998343
16.900000	0.997267	0.998412
17.000000	0.997463	0.998524
17.100000	0.997660	0.998640
17.200000	0.997855	0.998753
17.300000	0.998037	0.998850
17.400000	0.998206	0.998947
17.500000	0.998384	0.999061
17.600000	0.998576	0.999193
17.700000	0.998750	0.999309
17.800000	0.998910	0.999409
17.900000	0.999045	0.999487
18.000000	0.999160	0.999550
18.100000	0.999261	0.999604
18.200000	0.999357	0.999657
18.300000	0.999457	0.999715
18.400000	0.999547	0.999765
18.500000	0.999625	0.999808
18.600000	0.999694	0.999845
18.700000	0.999759	0.999880
18.800000	0.999818	0.999912
18.900000	0.999871	0.999941
19.000000	0.999912	0.999962
19.100000	0.999944	0.999976
19.200000	0.999968	0.999986
19.300000	0.999986	0.999994
19.400000	0.999997	0.999999
19.500000	1.000000	1.000000
19.600000	1.000000	1.000000
19.700000	1.000000	1.000000
19.800000	1.000000	1.000000
19.900000	1.000000	1.000000
20.000000	1.000000	1.000000
